227,246,223,231,233,239,240,229,188,176,190,190,169,153,185,197,200,196,207,223,226,213,212,209,204,207,220,229,234,239,238,231,215,208,219,229,239,237,239,220,206,208,204,210,217,199,104,174,148,142,165,175,180,183,187,180,179,184,175,171,178,177,194,194,185,187,180,173,176,179,186,177,168,169,172,191,177,194
247,252,255,251,253,245,194,149,152,147,128,127,155,148,104,146,154,170,192,237,246,231,233,229,223,210,209,216,217,223,230,220,209,216,227,223,223,227,223,211,213,218,212,210,218,241,239,255,246,137,135,157,165,174,165,172,179,165,170,163,165,175,177,183,177,160,168,160,165,160,158,157,142,143,163,170,175,193,
245,255,255,255,255,198,96,74,103,110,90,76,71,81,84,115,114,71,104,170,255,247,235,232,234,229,209,203,213,210,211,221,221,218,215,215,212,215,212,220,218,218,214,226,225,219,230,231,238,245,192,129,143,155,156,172,170,175,178,174,168,173,174,160,165,159,165,166,142,140,145,141,233,203,161,178,172,192,
255,255,250,232,240,119,105,91,88,93,82,69,76,76,86,79,112,113,84,156,242,255,243,243,252,245,242,235,219,216,221,223,227,242,241,252,246,236,230,238,241,201,185,202,222,244,239,239,245,221,241,214,201,203,176,155,159,169,172,180,180,166,152,155,175,168,129,199,206,162,158,230,255,154,140,172,178,183,
255,175,116,111,127,117,113,90,96,72,92,83,75,74,76,83,77,74,90,109,163,255,255,200,169,194,190,177,179,185,194,227,245,248,195,175,193,242,255,255,255,164,124,131,128,151,173,210,203,145,150,161,170,183,202,233,213,161,173,174,174,158,137,189,255,255,216,255,255,255,255,255,255,207,139,156,162,184,
211,113,134,129,127,112,92,101,102,88,70,74,89,98,84,93,99,94,101,101,130,108,134,119,129,135,139,129,130,171,225,255,255,206,131,129,137,129,134,137,144,148,167,165,162,153,153,150,163,168,168,177,179,158,157,139,142,143,169,167,165,139,167,255,253,252,255,255,255,255,242,255,255,255,218,130,143,162,
255,178,130,130,116,84,76,81,60,61,75,102,89,88,90,62,60,69,86,90,89,83,89,108,120,138,146,143,143,146,152,161,159,151,150,152,156,157,156,152,160,172,169,164,172,161,157,166,162,159,176,171,162,156,153,143,148,148,165,168,139,137,235,255,255,238,255,255,255,254,243,234,250,255,255,255,247,254,
243,144,152,105,94,75,80,79,51,57,98,97,85,67,62,81,83,88,94,105,115,105,108,107,117,116,123,132,137,147,161,162,175,162,177,170,168,169,170,177,180,176,180,182,163,178,170,166,159,151,144,143,138,178,212,124,217,195,134,150,255,255,255,238,238,241,232,233,238,227,227,233,234,243,253,255,255,255,
152,145,148,107,100,66,110,86,59,80,88,76,77,79,90,98,70,84,102,100,97,120,101,87,117,130,115,123,119,133,138,132,158,158,176,170,177,179,177,184,183,185,179,176,173,172,177,170,185,165,159,171,220,255,255,250,255,255,179,228,255,255,249,228,209,201,205,206,203,207,212,219,217,223,228,234,242,237,
169,156,148,156,85,90,105,77,65,70,79,101,90,71,93,104,76,84,94,105,93,85,67,78,98,89,101,103,109,110,120,118,132,143,151,173,159,178,178,182,179,180,175,171,170,173,179,172,190,255,255,255,255,255,255,255,251,234,244,255,240,247,231,209,205,192,193,199,202,203,209,212,210,217,214,211,210,210,
181,177,156,127,121,97,84,86,74,62,89,103,88,91,74,110,88,91,92,111,94,69,66,93,79,85,83,90,95,109,73,102,120,122,136,153,165,173,161,167,176,177,175,172,163,167,174,170,169,164,162,177,255,210,223,234,222,217,206,205,211,220,214,211,211,209,206,199,196,201,206,204,222,230,231,237,229,220,
184,172,148,147,108,64,119,80,72,88,90,90,86,98,75,98,98,95,92,99,84,64,84,98,72,96,81,83,82,116,52,100,93,118,121,119,136,143,146,160,164,169,169,168,162,165,175,174,175,176,165,162,153,134,132,237,229,228,207,212,221,214,234,229,223,224,219,209,208,210,209,206,236,252,255,255,210,158,
177,160,151,152,116,88,98,81,86,91,104,79,91,94,86,89,112,90,90,83,71,62,94,85,90,93,101,84,89,109,72,105,79,104,103,120,233,198,126,147,167,171,170,168,166,166,173,176,173,175,176,170,174,167,159,167,214,219,227,209,209,226,235,246,242,228,209,209,220,226,225,230,251,255,247,237,190,143,
175,167,151,142,143,103,89,78,115,68,115,74,96,83,91,87,117,83,83,73,72,73,101,84,91,91,98,84,101,96,68,104,80,73,113,90,167,255,183,137,150,157,153,154,156,150,157,166,164,169,165,171,179,177,178,178,160,136,194,240,234,244,253,255,255,255,241,232,234,236,232,226,123,128,134,150,157,167,
177,175,172,152,133,117,82,110,115,78,98,78,98,68,102,82,104,82,81,75,80,95,102,87,84,100,90,90,104,96,61,102,77,62,89,103,95,236,167,112,135,150,149,155,157,140,141,159,155,151,163,176,161,175,182,171,166,164,149,177,224,255,248,214,233,252,254,253,241,237,237,231,135,138,156,165,171,184,
187,177,169,164,131,112,111,114,96,84,99,74,91,91,94,90,87,87,85,76,78,103,92,80,85,95,93,97,92,93,76,93,79,79,87,114,95,134,255,253,255,255,255,255,255,253,236,249,250,238,160,149,167,174,173,177,178,177,164,165,152,162,149,147,141,139,143,180,197,205,238,255,255,216,186,171,176,190,
176,174,172,155,129,130,108,102,75,90,84,67,90,96,95,93,72,87,86,78,100,96,75,81,91,95,94,101,89,101,87,92,86,90,81,102,110,78,211,255,255,250,248,255,255,255,255,254,253,255,248,146,151,178,190,192,181,183,177,175,185,174,172,166,173,166,167,161,159,152,153,197,220,212,184,178,172,180,
174,169,175,158,125,131,101,95,77,78,81,68,81,101,95,109,68,95,82,88,104,83,82,78,97,102,89,111,90,101,102,89,92,95,81,96,95,84,128,218,202,183,199,242,249,241,251,248,249,245,254,248,200,172,171,185,186,178,185,187,185,187,194,177,184,190,187,178,183,185,178,178,174,175,178,171,183,186,
168,162,172,153,121,127,99,98,73,87,79,67,80,108,85,93,76,82,92,89,102,88,70,83,102,104,88,125,83,95,107,79,92,99,84,96,92,96,85,177,195,180,192,218,221,227,237,238,245,247,254,255,227,236,234,158,175,180,190,191,190,185,185,187,188,185,182,192,192,181,182,178,177,174,175,177,178,184,
168,170,172,145,118,107,90,96,78,92,78,70,81,106,92,85,82,89,83,102,107,72,73,83,106,97,96,139,72,94,96,76,86,101,88,98,100,93,94,132,192,192,197,200,197,219,229,226,227,234,241,247,247,255,255,175,157,171,182,181,185,184,178,191,183,182,188,184,181,183,189,180,182,180,180,173,183,195,
173,181,180,144,124,84,73,84,79,80,85,84,86,103,93,82,77,87,83,111,103,67,74,90,108,90,114,148,64,96,78,80,84,102,83,99,110,85,100,102,190,203,208,214,208,212,206,205,218,218,212,235,237,247,255,255,190,161,154,163,175,188,185,189,187,177,189,178,181,184,180,175,179,176,188,179,188,181,
171,171,175,144,127,80,64,74,82,96,89,75,94,106,76,73,76,83,89,110,87,74,71,97,104,90,131,142,64,91,69,84,85,100,73,96,117,89,84,94,151,197,212,228,229,225,216,213,215,233,221,210,223,233,246,255,255,255,235,190,172,169,162,170,184,172,185,170,177,174,166,177,162,163,152,167,166,179,
187,155,164,142,119,92,61,71,74,97,70,84,91,84,74,75,93,113,79,108,82,75,93,89,98,102,142,127,72,79,77,87,87,100,68,91,112,95,68,82,112,199,216,227,225,223,214,205,209,213,183,149,162,163,172,184,186,182,162,190,200,166,180,255,255,255,251,172,167,170,162,148,210,254,246,237,189,183,
201,138,145,131,104,107,61,70,76,91,90,186,137,82,125,110,130,131,91,100,76,101,98,87,95,116,149,117,82,69,91,89,90,100,68,89,104,96,73,68,82,191,219,237,239,237,230,222,223,211,160,174,182,196,185,190,190,178,164,229,255,255,255,255,255,255,208,135,169,211,245,247,255,255,255,255,245,172,
209,128,115,119,89,115,86,105,72,87,155,158,188,174,187,163,154,111,91,86,71,129,83,96,90,137,151,120,82,69,105,82,97,89,75,72,106,85,81,85,111,193,235,212,190,202,245,181,176,169,178,192,183,184,196,180,187,170,191,255,255,255,250,255,255,255,255,247,255,255,255,255,255,255,255,255,227,136,
248,255,163,116,102,119,83,105,76,109,147,135,138,173,191,159,154,93,80,83,85,119,94,88,91,128,138,110,84,83,111,85,96,92,74,66,110,82,80,90,154,162,158,161,171,167,193,184,184,191,194,196,195,180,183,210,186,164,202,255,254,243,245,243,249,252,246,239,251,254,255,255,245,246,246,255,255,240,
230,246,254,170,217,112,80,93,84,143,134,129,140,169,193,156,152,93,82,72,115,104,103,78,150,152,130,90,83,92,108,95,96,94,74,67,103,72,76,90,177,138,158,169,179,193,190,192,197,197,195,191,195,183,167,191,255,255,249,245,229,238,250,245,237,226,212,204,213,219,234,247,238,232,232,232,248,255,
251,255,245,190,241,124,64,78,86,169,144,146,134,177,196,159,144,94,78,75,156,92,98,83,188,181,154,101,106,92,100,114,90,90,72,76,92,70,83,95,200,138,162,182,183,200,185,191,185,179,182,173,172,198,227,246,255,244,215,206,211,210,211,215,215,207,198,193,194,195,204,212,215,206,212,219,229,240,
255,232,223,197,244,167,85,61,113,161,153,146,151,183,203,159,123,85,72,106,165,88,102,117,219,201,158,82,104,88,104,134,89,81,67,87,79,82,96,100,138,145,164,192,195,187,183,171,181,170,169,167,164,199,243,247,236,215,206,207,205,200,205,197,193,197,199,202,198,197,196,193,197,193,191,197,201,200,
176,143,146,204,208,143,116,63,102,170,150,137,177,188,210,157,115,93,83,132,118,74,97,126,203,191,153,74,97,86,111,138,92,74,63,89,65,89,98,94,220,152,167,178,172,173,187,246,255,253,228,221,216,210,211,198,200,204,204,206,208,201,198,189,203,207,210,209,198,200,199,195,187,188,187,191,198,194,
170,162,154,149,145,130,124,124,58,154,158,143,163,197,213,162,112,72,73,167,180,154,110,76,66,86,111,90,98,84,123,155,85,72,69,85,56,88,95,96,238,184,154,170,170,172,236,242,236,229,211,204,211,209,213,221,211,211,198,207,216,204,201,222,231,235,239,234,210,205,201,199,195,195,205,209,222,216,
185,179,179,178,163,168,143,138,91,55,168,139,186,190,207,167,103,68,86,189,225,197,186,207,90,78,94,98,92,83,128,156,68,66,76,81,58,91,100,112,212,224,255,255,255,246,232,226,234,224,219,213,224,233,228,225,224,220,210,212,210,224,234,238,254,255,255,255,228,222,217,218,212,207,226,233,251,241,
183,190,192,178,180,162,145,124,94,75,142,199,184,195,201,169,92,79,89,215,229,232,226,203,178,198,204,156,84,87,139,153,60,63,64,71,71,93,121,160,184,234,253,255,255,237,223,224,176,173,177,188,188,198,186,173,190,189,212,216,221,231,249,253,255,245,219,213,225,255,240,228,227,226,227,237,254,251,
195,177,195,198,180,172,164,119,105,88,62,135,185,198,200,161,84,77,104,217,228,228,230,221,224,220,231,218,105,58,119,113,56,53,72,95,77,81,157,165,199,207,225,239,240,238,229,217,175,162,168,187,191,190,201,193,174,162,216,244,216,208,228,212,172,185,174,158,173,237,247,234,217,216,243,236,242,245,
171,183,207,205,197,173,153,139,123,103,144,165,167,177,204,152,75,74,130,218,225,218,218,215,214,221,227,230,161,79,139,79,75,63,93,83,72,82,189,196,214,219,217,206,215,236,247,253,255,242,195,166,187,191,198,190,201,180,195,205,191,184,196,185,191,183,183,185,179,191,200,196,176,188,235,221,231,232,
173,172,198,209,196,181,166,140,130,130,193,148,146,178,187,145,61,69,150,216,226,221,215,214,213,220,228,241,235,152,223,155,72,68,113,79,126,84,198,209,237,239,236,228,224,220,231,251,255,255,255,243,238,204,181,187,192,202,199,198,207,202,197,205,194,191,191,191,188,198,216,198,197,177,181,244,240,241,
177,178,186,192,188,178,161,144,113,159,175,130,113,161,174,143,65,79,177,217,222,226,225,220,216,217,234,235,231,205,189,85,64,97,112,154,183,115,211,235,237,238,242,243,227,227,239,211,224,244,255,249,227,235,231,222,190,190,195,205,206,206,199,198,205,208,202,193,193,215,234,211,204,187,217,254,234,190,
155,163,172,178,172,164,145,130,154,164,168,142,107,147,180,121,78,92,195,215,214,223,225,225,221,215,230,233,200,193,104,82,67,101,111,168,142,107,150,180,225,254,255,255,255,245,220,161,172,168,180,188,164,163,179,214,230,203,193,204,199,201,198,197,207,204,201,205,200,198,194,187,196,188,195,191,170,179,
222,232,180,154,180,171,130,144,172,158,165,132,109,125,157,119,79,89,192,209,210,220,224,226,212,218,212,191,187,158,71,66,78,93,155,155,141,136,161,176,185,255,255,217,219,253,232,170,189,194,181,176,184,188,187,198,203,205,202,210,202,198,199,211,207,209,205,203,201,204,180,178,165,170,189,182,190,186,
233,255,250,255,255,255,208,196,177,158,154,146,114,122,143,96,86,87,188,212,213,218,212,213,214,203,187,152,170,94,93,81,83,107,161,166,138,159,169,189,183,180,195,193,186,181,179,188,197,208,207,205,206,199,211,202,208,213,204,204,194,201,204,205,204,205,201,198,193,197,166,176,147,181,166,179,175,177,
229,246,238,218,196,218,217,216,200,168,153,153,115,124,139,80,101,65,186,210,210,214,200,171,169,183,143,132,128,88,163,60,90,159,169,172,153,153,162,190,201,188,203,206,195,198,208,206,206,196,214,214,218,221,208,211,209,211,211,201,201,198,200,200,204,206,203,190,164,192,134,173,109,148,127,164,162,135,
200,159,123,134,130,198,235,217,198,180,158,159,124,122,144,86,115,56,192,198,209,179,175,168,143,148,128,125,93,131,141,91,155,182,157,178,165,162,163,178,189,197,191,199,195,203,211,207,205,201,214,216,218,213,216,204,205,204,203,206,211,207,199,206,200,196,193,158,148,159,139,139,117,114,121,132,137,154,
141,102,118,127,173,220,220,207,204,192,156,160,150,135,140,66,144,52,189,202,158,141,123,107,116,101,72,95,71,111,88,111,156,107,148,173,176,163,148,172,173,181,178,179,181,177,189,203,190,197,198,208,195,199,210,209,200,199,190,206,217,210,211,191,185,174,143,118,98,135,136,112,113,110,109,121,146,108,
123,99,159,162,178,204,212,209,203,201,169,163,166,149,146,92,163,94,111,163,164,132,102,84,75,90,83,88,86,98,89,109,110,123,161,154,177,162,136,143,157,147,153,168,164,165,159,190,197,197,201,190,186,180,174,188,165,193,161,169,197,207,206,210,198,195,195,155,92,106,96,9,0,34,59,124,105,82,
114,134,156,195,185,184,192,201,202,209,191,174,181,166,136,104,148,130,140,116,124,111,93,70,77,70,89,87,42,0,8,32,105,127,148,164,164,157,103,121,139,142,93,152,132,123,147,152,177,200,199,186,151,168,117,175,132,142,144,147,168,177,196,196,197,164,107,124,97,85,12,3,0,0,9,81,103,77,
40,151,180,168,148,162,173,186,212,212,201,181,191,182,128,103,148,141,116,109,112,80,95,106,89,100,25,0,7,24,28,14,39,91,107,113,133,136,73,144,100,113,102,129,123,115,145,140,156,177,172,154,134,169,97,144,129,101,132,145,148,180,163,179,180,133,133,115,89,53,11,9,4,15,5,18,83,72,
84,124,172,180,176,174,174,176,192,202,198,174,178,181,137,130,126,128,111,130,80,71,71,73,62,25,2,50,33,23,53,52,20,88,101,138,134,83,35,63,119,108,135,91,90,102,107,124,100,134,178,112,130,123,113,117,100,120,109,110,163,104,144,137,163,120,120,104,81,62,6,11,9,0,0,23,77,82,
161,208,197,197,188,193,197,199,156,175,182,173,182,183,123,101,137,165,67,98,89,82,90,88,37,26,50,14,6,23,28,51,20,115,103,109,115,132,41,22,97,109,0,0,0,0,92,101,123,142,147,87,109,108,86,26,20,53,94,131,79,94,109,131,120,93,97,73,83,94,32,19,0,0,52,0,103,80,
201,200,194,187,190,189,200,196,192,133,182,179,180,180,121,125,132,123,64,111,90,93,106,79,39,62,32,8,22,23,18,24,71,85,101,99,78,84,70,74,125,32,0,0,24,0,68,69,92,115,103,90,94,94,9,0,0,0,28,122,101,99,115,76,92,91,103,93,62,87,93,85,22,0,74,58,91,79,
201,196,190,199,210,216,219,214,207,172,174,202,208,190,112,132,143,126,75,109,116,73,65,84,60,49,8,0,16,26,28,64,95,89,76,92,104,74,58,77,74,0,0,66,25,94,101,83,80,67,73,97,91,41,11,13,18,8,0,34,96,89,80,87,72,93,106,103,79,83,92,114,97,108,83,87,90,90,
195,194,193,212,216,220,220,222,217,208,170,202,213,203,96,151,160,133,103,114,0,70,88,79,32,29,11,29,36,56,84,98,75,83,36,33,88,91,33,95,57,70,45,95,75,112,93,91,64,35,84,97,95,20,8,5,0,12,5,58,105,84,72,85,60,11,46,100,105,104,14,0,83,106,97,97,76,68,
203,205,206,220,220,217,219,222,220,216,185,181,192,210,86,174,189,153,94,114,98,99,88,82,82,97,70,72,87,94,90,95,45,82,127,43,67,69,14,122,11,112,90,106,105,93,97,88,104,79,31,88,83,38,0,8,7,0,5,45,109,95,64,85,32,59,93,96,111,38,3,0,0,88,99,45,0,0,
218,216,214,220,228,224,225,217,219,217,210,173,178,199,86,182,209,156,115,101,91,0,102,85,83,72,76,77,72,83,77,89,95,0,49,85,44,95,57,128,41,117,97,27,58,35,90,95,45,0,0,110,71,54,0,12,4,8,3,86,136,112,96,74,83,112,98,95,103,45,3,14,2,52,135,12,0,5,
220,218,220,218,226,219,222,215,218,217,221,191,185,186,95,164,201,154,107,111,13,50,110,36,96,92,78,85,98,89,91,104,119,0,0,0,58,109,40,103,42,99,23,1,10,16,42,106,110,96,81,98,100,94,72,64,40,27,73,113,116,81,85,94,90,91,91,104,121,57,11,0,0,68,87,5,11,6,
218,217,215,221,222,215,218,217,215,216,221,207,196,195,108,146,182,152,94,106,30,104,80,80,127,60,60,81,88,82,92,88,97,16,0,8,51,94,38,104,41,64,0,11,12,0,33,93,86,59,86,104,59,98,120,108,110,97,131,119,112,32,43,77,101,97,87,66,93,103,9,1,0,86,113,0,0,0,
215,205,197,217,223,221,214,210,214,214,220,212,199,219,121,148,168,171,113,100,115,103,54,45,111,0,56,73,68,67,53,114,119,59,24,61,92,68,9,114,56,74,2,8,20,0,28,88,97,56,0,0,63,120,125,104,108,67,83,125,56,72,50,113,74,76,73,68,96,100,91,56,21,116,88,0,0,0,
205,177,174,215,217,218,210,216,214,213,214,213,205,191,126,137,118,119,120,85,84,136,69,32,24,36,101,102,97,103,113,87,118,116,121,111,98,103,31,129,80,125,101,25,16,0,32,95,92,97,36,30,96,61,119,23,123,56,79,83,62,0,106,79,1,56,13,63,98,107,105,105,96,86,95,43,17,5,
191,160,155,206,211,220,219,216,210,214,217,219,208,150,128,108,135,126,111,106,80,125,62,37,36,152,151,141,145,126,116,119,98,122,116,80,104,111,48,69,4,36,124,58,12,13,75,99,84,93,111,102,100,107,28,0,125,59,87,88,85,43,118,0,1,1,0,65,107,92,58,74,82,88,87,94,109,115,
180,158,151,184,214,219,218,210,212,211,213,217,218,157,141,75,130,138,147,122,59,133,83,31,48,157,149,140,129,139,128,113,102,79,109,76,89,113,59,30,0,0,27,98,54,122,124,87,85,85,104,95,78,93,53,8,98,75,93,73,8,91,95,0,0,19,0,9,116,80,44,66,81,85,112,128,127,113,
158,171,170,157,208,211,212,220,217,210,209,213,221,204,164,81,135,136,111,178,77,115,87,66,17,100,149,123,119,118,113,119,122,77,81,129,98,116,57,21,10,0,0,115,114,115,117,105,94,112,99,8,68,118,125,66,77,112,120,107,59,80,81,0,0,12,7,36,137,59,77,111,100,94,112,127,74,123,
134,139,129,110,182,228,218,212,214,216,216,209,216,219,183,130,183,156,112,150,99,104,108,63,58,53,54,74,77,83,69,65,106,97,94,73,106,111,61,24,0,0,0,119,78,110,87,79,117,129,105,13,55,110,127,70,82,122,123,75,83,95,108,3,10,17,0,26,113,70,95,114,81,76,115,123,86,99,
155,157,150,130,144,208,218,215,215,219,216,208,218,209,206,181,169,202,133,162,126,84,99,78,119,116,122,123,127,127,129,20,25,83,22,49,91,102,94,67,4,0,23,128,53,58,103,42,51,62,63,43,36,71,122,74,53,119,89,65,30,120,129,53,19,32,77,134,141,62,60,96,106,118,109,120,101,94,
161,159,155,146,138,181,221,223,216,214,211,211,217,210,217,203,184,184,136,226,188,110,157,57,134,130,145,71,136,101,111,63,51,71,50,107,104,103,104,108,73,8,90,114,56,53,65,60,24,54,72,45,50,68,68,74,57,54,48,52,28,138,155,180,163,121,104,100,136,76,21,37,67,99,105,58,86,58,
160,168,168,153,140,139,203,219,216,209,219,216,207,216,214,200,208,162,128,214,184,131,82,90,36,114,138,53,80,138,41,66,35,78,73,89,41,106,129,123,100,104,103,65,55,65,75,64,77,68,71,72,73,57,26,84,63,56,66,135,180,190,208,203,178,152,123,92,76,75,39,29,82,40,42,7,80,52,
173,170,189,177,155,132,160,213,220,210,223,213,214,215,212,213,172,161,99,197,186,142,33,89,57,190,203,201,113,61,83,42,38,94,79,69,69,65,109,60,117,115,81,40,63,65,68,66,75,71,74,69,65,67,36,76,80,136,185,196,197,201,207,198,154,162,188,171,85,79,67,63,80,43,40,24,63,52,
174,176,192,225,204,144,120,182,209,221,208,222,215,209,217,213,183,156,85,177,212,153,26,46,110,197,205,196,175,76,54,58,52,92,80,88,51,57,58,49,84,93,62,38,70,72,68,74,76,73,74,73,74,73,75,152,185,178,196,205,201,196,183,177,205,210,203,225,217,140,62,51,59,60,75,76,85,72,
180,181,186,236,219,176,124,153,200,215,215,216,219,211,208,213,208,153,110,160,220,90,56,53,140,189,190,203,189,158,70,66,77,74,70,84,71,64,55,61,49,67,64,51,80,75,76,80,73,73,81,70,88,159,192,185,191,208,195,190,187,177,190,203,205,216,213,215,221,215,174,66,69,70,71,89,80,67,
185,180,184,234,217,202,150,137,176,203,215,213,217,214,204,212,211,180,150,100,134,83,62,48,181,184,196,193,162,166,75,71,66,92,79,93,60,72,71,70,64,65,72,64,93,67,72,77,70,69,91,148,199,195,183,197,195,186,196,181,175,200,210,213,216,216,217,218,217,217,215,136,69,69,60,85,78,64,
203,181,181,231,230,199,155,147,144,194,193,215,212,211,212,208,205,203,161,103,146,74,70,84,191,182,192,169,167,167,77,70,80,80,59,67,58,67,77,81,78,75,79,76,86,57,60,72,87,150,194,195,188,185,190,193,193,195,172,185,209,206,208,208,208,220,224,223,221,219,222,204,69,73,72,75,77,64,
214,188,170,210,239,197,150,157,136,163,195,199,214,208,214,204,205,210,182,108,113,83,99,135,142,151,186,168,152,118,75,75,82,59,66,60,76,56,77,83,71,89,75,81,78,37,53,140,190,190,181,180,184,192,192,195,185,172,193,203,201,205,204,214,227,218,218,222,213,211,214,217,104,64,73,67,78,64,
207,199,174,190,232,196,156,152,139,128,186,186,207,208,204,203,204,198,138,90,109,92,191,175,163,133,162,169,120,53,72,72,72,79,69,70,85,82,78,35,35,55,81,76,69,117,183,194,188,172,182,190,174,197,193,167,183,199,198,202,207,203,209,215,212,223,216,210,222,220,212,213,147,47,66,71,83,63,
223,219,191,172,189,171,168,167,127,118,144,193,185,208,200,201,202,204,97,130,130,116,169,135,127,142,134,174,56,39,71,71,68,76,57,62,80,41,91,62,66,72,78,94,182,190,185,170,169,185,178,181,188,186,160,189,199,198,202,200,200,205,209,214,217,216,218,215,217,210,215,211,181,47,73,70,67,62,
222,212,189,159,168,165,157,152,157,137,127,179,185,200,206,203,200,203,101,133,122,130,135,133,130,114,134,143,53,52,58,70,97,131,106,80,85,30,79,64,47,89,163,199,179,172,177,164,168,179,184,180,174,175,191,201,201,201,201,200,203,204,207,210,212,213,214,213,214,212,211,207,204,67,82,70,77,44,
220,216,176,152,159,163,150,152,155,159,145,152,190,175,208,202,208,203,111,119,122,119,128,143,130,115,141,122,37,75,51,38,144,131,130,134,107,64,73,40,135,190,194,173,179,169,156,180,179,177,177,168,177,200,202,202,202,202,201,201,203,204,206,207,211,210,208,208,207,208,207,204,207,101,86,39,79,30,
179,204,185,156,153,147,150,149,166,170,157,153,151,191,183,205,205,211,155,118,122,116,121,139,143,112,165,108,36,53,48,59,135,150,135,124,106,89,108,196,197,187,179,174,169,177,183,178,177,176,168,186,200,201,207,200,205,204,203,203,201,201,202,205,207,206,204,204,205,206,205,203,206,161,84,29,86,35,
133,166,169,168,198,146,144,172,167,165,171,166,131,157,184,186,205,204,212,133,113,115,103,144,137,114,166,95,48,52,59,46,92,147,135,118,109,177,202,186,188,169,173,181,175,176,188,183,175,170,194,204,207,207,196,206,206,205,204,203,201,201,201,200,202,204,205,204,203,204,207,208,207,211,90,44,85,51,
170,173,166,153,173,156,173,164,165,162,203,187,138,128,170,177,181,203,197,182,151,109,125,124,131,124,132,93,54,59,70,43,50,92,56,147,204,187,183,175,172,181,176,172,178,183,185,187,183,201,205,208,206,205,218,206,208,207,204,203,201,200,198,198,198,202,203,200,197,200,209,216,214,224,133,52,68,63,
158,158,166,184,182,172,178,169,165,169,202,199,145,141,132,161,175,169,186,189,184,173,148,124,126,121,101,83,61,53,78,55,28,113,190,213,188,185,176,183,177,172,168,168,172,178,189,192,205,202,214,205,208,220,211,210,208,207,204,203,201,200,197,195,197,198,196,192,191,198,211,218,221,214,197,60,56,71,
165,203,185,174,199,192,164,178,170,184,178,185,167,142,137,139,168,168,173,176,187,200,188,160,124,111,75,61,70,72,69,20,82,213,199,194,203,185,183,180,181,184,176,170,171,166,180,210,210,208,207,218,222,213,214,209,210,207,203,203,201,200,196,194,196,192,188,188,198,208,215,216,220,214,224,101,52,71,
232,205,182,180,212,209,188,180,193,192,189,185,176,169,154,154,139,171,189,193,191,182,194,197,156,111,51,71,74,84,45,25,133,206,202,200,183,176,185,185,184,177,173,166,162,179,205,209,207,213,222,222,219,217,212,212,210,207,203,201,201,200,197,194,192,188,184,190,207,219,220,214,215,225,217,150,52,67,
232,203,178,177,214,212,177,179,185,204,202,196,216,195,172,164,135,135,193,195,206,194,187,196,188,133,63,74,84,79,38,33,76,224,202,189,176,178,180,173,177,181,177,173,179,199,216,211,219,219,222,224,222,217,213,212,209,206,199,205,200,202,189,189,190,175,183,188,211,215,214,218,220,223,220,210,70,59,
239,201,177,177,215,217,172,176,186,215,215,207,221,199,181,178,161,136,154,208,210,210,201,192,197,156,122,86,83,39,33,40,35,193,199,182,174,172,182,178,181,174,178,193,199,201,214,224,223,221,222,224,222,217,213,210,209,197,207,200,191,191,190,190,172,179,189,192,208,216,218,217,219,226,222,227,108,70,
233,206,177,178,210,217,184,178,186,220,223,214,214,189,181,184,208,183,124,157,201,209,210,206,201,82,116,147,119,20,39,38,26,87,198,186,177,177,175,177,177,187,198,203,202,204,218,226,224,223,223,222,220,218,214,211,211,196,205,198,191,186,188,167,161,184,189,195,206,216,218,216,219,223,221,228,155,60,
196,200,175,182,205,216,202,180,194,222,233,226,206,182,185,193,203,225,138,134,130,193,215,215,185,149,149,154,154,29,40,42,41,24,135,191,182,186,176,172,184,204,214,205,199,211,222,221,223,223,222,221,220,218,216,213,208,206,196,194,186,184,177,152,163,186,183,194,204,214,217,215,219,216,223,218,192,43,
168,178,174,186,201,219,202,187,205,217,236,232,199,180,185,190,203,222,166,127,129,136,156,174,186,176,157,168,170,39,40,35,36,40,29,176,191,176,167,183,208,208,207,209,215,218,218,217,222,222,221,221,220,219,218,214,206,205,193,187,176,185,156,160,157,184,182,189,195,210,218,215,215,216,224,219,214,59,
180,171,180,186,194,224,198,198,208,213,234,225,194,185,174,175,197,226,175,145,142,143,138,187,239,204,162,161,171,129,35,44,49,42,33,60,172,166,194,210,214,210,210,216,222,220,215,216,221,221,221,220,221,220,217,215,206,192,194,186,184,177,140,166,148,175,187,186,187,207,220,212,214,216,215,220,215,118,
180,180,181,185,187,221,210,200,200,214,231,213,202,207,172,174,183,207,213,156,124,135,160,156,184,160,146,160,173,176,55,34,42,43,37,12,111,191,199,206,208,217,220,218,221,223,218,214,221,221,220,220,221,219,216,214,204,191,193,193,186,118,133,164,154,162,183,185,185,197,211,209,212,215,208,216,209,179,
145,182,172,187,185,214,225,187,178,205,220,197,209,227,176,178,182,183,195,196,173,155,145,140,137,148,149,166,194,172,146,37,49,52,35,116,210,206,208,206,214,217,217,219,227,227,218,213,221,221,221,220,219,218,216,213,195,201,193,196,170,36,132,166,172,150,172,185,188,188,200,208,210,210,213,214,212,211,
131,198,194,180,191,206,231,181,180,176,198,196,221,231,199,171,181,181,185,175,179,145,163,148,149,141,183,211,186,181,176,66,47,41,44,119,217,209,205,209,211,217,218,219,228,229,218,214,219,220,223,224,214,216,221,197,203,204,205,197,45,42,124,170,178,178,149,180,189,185,192,204,206,206,208,211,212,212,
96,210,197,188,181,206,231,200,175,164,185,198,237,224,208,176,198,170,156,170,182,181,165,152,142,148,152,170,165,163,171,87,42,47,41,75,229,206,213,206,210,215,218,221,227,226,218,215,221,226,219,217,215,216,206,195,203,206,211,102,37,53,99,173,182,180,168,168,188,186,190,197,203,204,207,208,210,211,
54,220,201,196,182,193,233,199,192,176,163,215,232,216,199,188,160,182,165,184,188,188,177,173,162,135,141,144,161,174,166,144,38,44,39,34,211,224,203,219,210,215,219,225,229,226,219,219,224,220,218,224,215,209,200,211,209,218,144,54,56,61,64,171,186,185,185,165,179,189,188,191,199,200,202,204,207,207,
32,195,214,193,190,188,218,180,181,165,164,207,224,188,177,169,162,181,175,162,194,229,192,174,177,178,175,166,183,185,191,117,38,39,44,28,120,234,222,214,212,214,217,224,227,226,221,222,223,215,220,223,205,204,200,210,209,195,70,61,61,80,76,132,188,189,189,176,168,185,186,188,197,198,201,202,205,205,
29,154,228,195,192,198,202,174,172,176,174,167,170,173,175,163,172,199,182,175,181,219,236,197,180,179,184,182,207,219,239,99,37,46,43,41,24,184,230,218,216,213,217,221,223,221,220,220,222,225,219,211,200,206,200,200,212,115,52,79,64,71,82,63,181,192,191,190,169,175,188,187,194,196,198,200,201,200,
36,149,221,214,190,188,205,175,180,174,173,178,164,163,154,168,170,161,177,192,171,215,236,207,186,180,222,214,205,214,231,88,42,41,44,48,43,42,197,224,216,215,220,222,220,220,221,219,222,228,211,198,204,199,203,217,145,57,46,75,81,62,72,23,153,190,195,198,183,168,186,185,191,193,196,197,198,197,
45,150,210,218,186,175,203,174,177,181,189,149,160,168,180,165,170,168,172,214,204,196,236,224,189,194,207,224,234,239,224,23,35,53,49,39,63,37,35,188,209,213,222,221,215,219,222,222,223,216,204,200,206,195,208,186,52,57,41,46,77,82,85,18,102,188,194,197,193,178,175,183,187,190,193,195,195,195,
49,125,214,200,177,179,182,175,173,165,169,172,185,182,187,188,185,178,167,183,218,177,208,231,199,180,200,226,233,240,192,34,42,47,52,52,42,46,27,43,208,218,226,220,211,214,218,219,217,201,204,205,201,206,209,103,52,63,52,37,59,79,80,26,64,187,188,194,195,192,163,183,185,187,191,193,193,192,
51,84,175,174,176,175,168,166,155,166,172,184,205,219,199,196,227,221,202,190,203,201,185,205,205,193,192,221,235,250,106,37,43,46,46,46,48,45,37,30,55,209,229,223,213,208,203,201,192,202,208,208,210,206,161,67,58,65,50,34,54,88,87,28,58,140,190,193,191,187,190,168,182,187,189,185,184,189,
68,57,118,136,161,171,174,166,183,186,179,179,203,231,217,212,223,228,231,213,208,207,191,191,195,212,220,205,228,211,34,46,42,44,45,45,46,46,45,41,32,50,192,219,219,197,196,182,188,197,207,208,204,205,49,68,62,63,59,34,45,83,89,34,57,109,183,191,193,190,193,179,175,179,186,186,183,185,
91,64,109,134,160,176,203,199,225,224,204,181,197,231,220,215,227,230,237,228,211,213,206,194,176,228,224,208,228,160,35,39,43,43,45,45,47,45,45,42,37,23,29,145,206,186,178,185,194,205,220,204,210,114,36,70,67,59,73,33,37,76,89,38,56,72,169,186,191,190,195,190,176,173,182,184,182,181,
96,81,132,148,159,179,226,219,232,236,218,188,196,229,223,224,234,225,234,231,218,216,213,205,174,212,231,223,198,204,30,47,43,42,45,45,46,46,44,41,41,27,19,13,53,167,186,184,187,201,204,212,145,68,29,72,72,53,83,33,31,73,90,40,57,58,151,179,187,188,192,196,187,171,180,180,180,179,
 
