106 74
87 95
106 26
106 69
106 22
87 0
0 0
106 73
87 95
106 29
106 67
106 22
87 0
0 0
107 73
86 95
107 31
107 64
107 23
86 0
0 0
108 72
85 95
108 34
108 62
108 23
85 0
0 0
109 72
85 95
109 36
109 59
109 24
85 0
0 0
110 71
85 95
110 39
110 56
110 24
85 0
0 0
111 70
84 95
111 42
111 54
111 25
84 0
0 0
111 70
84 95
111 45
111 51
111 25
84 0
0 0
112 69
83 95
112 48
112 48
112 26
83 0
0 0
114 69
83 95
114 51
114 44
114 27
83 0
0 0
115 68
83 95
115 54
115 41
115 27
83 0
0 0
116 67
82 95
116 58
116 38
116 28
82 0
0 0
117 67
82 95
117 61
117 34
117 29
82 0
0 0
118 66
82 95
118 65
118 31
118 30
82 0
0 0
81 95
118 66
118 30
81 0
0 0
81 95
117 66
117 30
81 0
0 0
81 95
117 66
117 30
81 0
0 0
80 95
116 66
116 30
80 0
0 0
80 95
115 66
115 30
80 0
0 0
80 95
115 66
115 30
80 0
0 0
80 95
114 66
114 30
80 0
0 0
80 95
114 66
114 30
80 0
0 0
79 95
113 66
113 30
79 0
0 0
79 95
113 66
113 30
79 0
0 0
79 95
112 66
112 30
79 0
0 0
79 95
112 66
112 30
79 0
0 0
79 95
111 66
111 30
79 0
0 0
79 95
111 66
111 30
79 0
0 0
78 95
111 66
111 30
78 0
0 0
78 95
110 66
110 30
78 0
0 0
78 95
110 66
110 30
78 0
0 0
78 95
109 66
109 30
78 0
0 0
78 95
109 66
109 30
78 0
0 0
78 95
109 66
109 30
78 0
0 0
78 95
109 66
109 30
78 0
0 0
78 95
108 66
108 30
78 0
0 0
78 95
108 66
108 30
78 0
0 0
77 95
108 66
108 30
77 0
0 0
77 95
108 66
108 30
77 0
0 0
77 95
108 66
108 30
77 0
0 0
77 95
107 66
107 30
77 0
0 0
77 95
107 66
107 30
77 0
0 0
77 95
107 66
107 30
77 0
0 0
77 95
107 66
107 30
77 0
0 0
77 95
107 66
107 30
77 0
0 0
77 95
107 66
107 30
77 0
0 0
77 95
107 66
107 30
77 0
0 0
77 95
107 66
107 30
77 0
0 0
77 95
107 66
107 30
77 0
0 0
77 95
107 66
107 30
77 0
0 0
77 95
107 66
107 30
77 0
0 0
77 95
107 66
107 30
77 0
0 0
77 95
107 66
107 30
77 0
0 0
77 95
107 66
107 30
77 0
0 0
77 95
107 66
107 30
77 0
0 0
77 95
107 66
107 30
77 0
0 0
77 95
107 66
107 30
77 0
0 0
77 95
107 66
107 30
77 0
0 0
77 95
107 66
107 30
77 0
0 0
77 95
107 66
107 30
77 0
0 0
77 95
107 66
107 30
77 0
0 0
77 95
107 66
107 30
77 0
0 0
77 95
108 66
108 30
77 0
0 0
77 95
108 66
108 30
77 0
0 0
77 95
108 66
108 30
77 0
0 0
78 95
108 66
108 30
78 0
0 0
78 95
108 66
108 30
78 0
0 0
78 95
109 66
109 30
78 0
0 0
78 95
109 66
109 30
78 0
0 0
78 95
109 66
109 30
78 0
0 0
78 95
110 66
110 30
78 0
0 0
78 95
110 66
110 30
78 0
0 0
78 95
110 66
110 30
78 0
0 0
78 95
111 66
111 30
78 0
0 0
79 95
111 66
111 30
79 0
0 0
79 95
111 66
111 30
79 0
0 0
79 95
112 66
112 30
79 0
0 0
79 95
112 66
112 30
79 0
0 0
79 95
113 66
113 30
79 0
0 0
79 95
113 66
113 30
79 0
0 0
80 95
114 66
114 30
80 0
0 0
80 95
114 66
114 30
80 0
0 0
80 95
115 66
115 30
80 0
0 0
80 95
116 66
116 30
80 0
0 0
81 95
116 66
116 30
81 0
0 0
81 95
117 66
117 30
81 0
0 0
81 95
118 66
81 0
0 0
81 95
118 66
81 0
0 0
82 95
118 66
118 63
82 0
0 0
82 95
117 67
117 36
117 60
117 29
82 0
0 0
36 95
3 68
3 39
3 56
3 28
36 0
0 0
35 95
4 68
4 43
4 53
4 27
35 0
0 0
35 95
5 69
5 46
5 50
5 26
35 0
0 0
35 95
6 70
6 49
6 47
6 26
35 0
0 0
34 95
7 70
7 52
7 44
7 25
34 0
0 0
34 95
8 71
8 55
8 41
8 25
34 0
0 0
33 95
9 71
9 57
9 38
9 24
33 0
0 0
33 95
10 72
10 60
10 35
10 24
33 0
0 0
32 95
10 72
10 63
10 33
10 23
32 0
0 0
32 95
11 73
11 65
11 30
11 22
32 0
0 0
31 95
12 73
12 68
12 28
12 22
31 0
0 0
31 95
12 74
12 70
12 25
12 22
31 0
0 0
30 95
13 74
13 72
13 23
13 21
30 0
0 0
29 95
14 75
14 74
14 21
14 21
29 0
0 0
29 95
14 75
14 77
14 19
14 20
29 0
0 0
28 95
15 76
15 79
15 17
15 20
28 0
0 0
27 95
15 76
15 81
15 15
15 19
27 0
0 0
26 95
16 76
16 83
16 13
16 19
26 0
0 0
25 95
16 77
16 85
16 11
16 18
25 0
0 0
24 95
17 77
17 87
17 9
17 18
24 0
0 0
23 95
17 78
17 88
17 7
17 18
23 0
0 0
22 95
18 78
18 90
18 5
18 17
22 0
0 0
21 95
18 78
18 92
18 3
18 17
21 0
0 0
20 95
18 79
18 94
18 1
18 17
20 0
0 0
19 95
19 95
19 79
19 16
19 0
19 0
0 0
19 95
17 95
19 79
19 16
19 0
17 0
0 0
19 95
15 95
19 80
19 16
19 1
15 0
0 0
20 94
14 95
20 80
20 15
20 1
14 0
0 0
20 94
12 95
20 81
20 15
20 1
12 0
0 0
20 94
10 95
20 81
20 15
20 2
10 0
0 0
21 93
7 95
21 81
21 14
21 2
7 0
0 0
21 93
5 95
21 81
21 14
21 2
5 0
0 0
21 93
2 95
21 82
21 14
21 3
2 0
0 0
21 92
-1 95
21 82
21 13
21 3
-1 0
0 0
21 92
-5 95
21 82
21 13
21 3
-5 0
0 0
22 92
-9 95
22 83
22 13
22 4
-9 0
0 0
22 91
22 83
22 12
22 4
-14 0
0 0
22 91
22 83
22 12
22 4
0 0
22 91
22 84
22 12
22 5
0 0
22 90
22 84
22 11
22 5
0 0
22 90
22 84
22 11
22 5
0 0
23 90
23 85
23 11
23 5
0 0
23 90
23 85
23 11
23 6
0 0
23 89
23 85
23 10
23 6
0 0
23 89
23 85
23 10
23 6
0 0
23 89
23 86
23 10
23 7
0 0
23 88
23 86
23 9
23 7
0 0
23 88
23 86
23 9
23 7
0 0
23 88
23 87
23 9
23 8
0 0
23 88
23 87
23 9
23 8
0 0
23 87
23 87
23 8
23 8
0 0
23 87
23 87
23 8
23 8
0 0
23 87
23 88
23 8
23 9
0 0
23 86
23 88
23 7
23 9
0 0
23 86
23 88
23 7
23 9
0 0
23 86
23 89
23 7
23 10
0 0
23 86
23 89
23 7
23 10
0 0
23 85
23 89
23 6
23 10
0 0
23 85
23 89
23 6
23 10
0 0
23 85
23 90
23 6
23 11
0 0
22 84
22 90
22 5
22 11
0 0
22 84
22 90
22 5
22 11
0 0
22 84
22 91
22 5
22 12
0 0
22 84
22 91
22 4
22 12
0 0
22 83
22 91
22 4
22 12
0 0
22 83
22 91
22 4
22 12
0 0
22 83
22 92
22 4
22 13
0 0
21 82
21 92
21 3
21 13
0 0
21 82
0 95
21 92
21 3
21 13
0 0
0 0
21 82
3 95
21 93
21 3
21 14
3 0
0 0
21 81
6 95
21 93
21 2
21 14
6 0
0 0
21 81
8 95
21 93
21 2
21 14
8 0
0 0
20 81
10 95
20 94
20 2
20 15
10 0
0 0
20 80
13 95
20 94
20 1
20 15
13 0
0 0
20 80
14 95
20 94
20 1
20 15
14 0
0 0
19 80
16 95
19 95
19 1
19 16
16 0
0 0
19 79
18 95
19 95
19 0
19 16
18 0
0 0
19 79
19 95
19 0
19 95
19 16
19 0
0 0
18 79
20 95
18 2
18 93
18 17
20 0
0 0
18 78
22 95
18 4
18 91
18 17
22 0
0 0
18 78
23 95
18 6
18 90
18 17
23 0
0 0
17 78
24 95
17 8
17 88
17 18
24 0
0 0
17 77
25 95
17 10
17 86
17 18
25 0
0 0
16 77
26 95
16 11
16 84
16 19
26 0
0 0
16 76
27 95
16 13
16 82
16 19
27 0
0 0
15 76
27 95
15 15
15 80
15 19
27 0
0 0
15 75
28 95
15 18
15 78
15 20
28 0
0 0
14 75
29 95
14 20
14 76
14 20
29 0
0 0
14 75
30 95
14 22
14 74
14 21
30 0
0 0
13 74
30 95
13 24
13 71
13 21
30 0
0 0
12 74
31 95
12 26
12 69
12 22
31 0
0 0
12 73
31 95
12 29
12 67
12 22
31 0
0 0
11 73
32 95
11 31
11 64
11 23
32 0
0 0
10 72
33 95
10 34
10 62
10 23
33 0
0 0
9 72
33 95
9 36
9 59
9 24
33 0
0 0
8 71
33 95
8 39
8 56
8 24
33 0
0 0
7 70
34 95
7 42
7 54
7 25
34 0
0 0
7 70
34 95
7 45
7 51
7 25
34 0
0 0
6 69
35 95
6 48
6 48
6 26
35 0
0 0
4 69
35 95
4 51
4 44
4 27
35 0
0 0
3 68
35 95
3 54
3 41
3 27
35 0
0 0
2 67
36 95
2 58
2 38
2 28
36 0
0 0
1 67
36 95
1 61
1 34
1 29
36 0
0 0
0 66
36 95
0 65
0 31
0 30
36 0
0 0
37 95
0 66
0 30
37 0
0 0
37 95
1 66
1 30
37 0
0 0
37 95
1 66
1 30
37 0
0 0
38 95
2 66
2 30
38 0
0 0
38 95
3 66
3 30
38 0
0 0
38 95
3 66
3 30
38 0
0 0
38 95
4 66
4 30
38 0
0 0
38 95
4 66
4 30
38 0
0 0
39 95
5 66
5 30
39 0
0 0
39 95
5 66
5 30
39 0
0 0
39 95
6 66
6 30
39 0
0 0
39 95
6 66
6 30
39 0
0 0
39 95
7 66
7 30
39 0
0 0
39 95
7 66
7 30
39 0
0 0
40 95
7 66
7 30
40 0
0 0
40 95
8 66
8 30
40 0
0 0
40 95
8 66
8 30
40 0
0 0
40 95
9 66
9 30
40 0
0 0
40 95
9 66
9 30
40 0
0 0
40 95
9 66
9 30
40 0
0 0
40 95
9 66
9 30
40 0
0 0
40 95
10 66
10 30
40 0
0 0
40 95
10 66
10 30
40 0
0 0
41 95
10 66
10 30
41 0
0 0
41 95
10 66
10 30
41 0
0 0
41 95
10 66
10 30
41 0
0 0
41 95
11 66
11 30
41 0
0 0
41 95
11 66
11 30
41 0
0 0
41 95
11 66
11 30
41 0
0 0
41 95
11 66
11 30
41 0
0 0
41 95
11 66
11 30
41 0
0 0
41 95
11 66
11 30
41 0
0 0
41 95
11 66
11 30
41 0
0 0
41 95
11 66
11 30
41 0
0 0
41 95
11 66
11 30
41 0
0 0
41 95
11 66
11 30
41 0
0 0
41 95
11 66
11 30
41 0
0 0
41 95
11 66
11 30
41 0
0 0
41 95
11 66
11 30
41 0
0 0
41 95
11 66
11 30
41 0
0 0
41 95
11 66
11 30
41 0
0 0
41 95
11 66
11 30
41 0
0 0
41 95
11 66
11 30
41 0
0 0
41 95
11 66
11 30
41 0
0 0
41 95
11 66
11 30
41 0
0 0
41 95
11 66
11 30
41 0
0 0
41 95
11 66
11 30
41 0
0 0
41 95
11 66
11 30
41 0
0 0
41 95
10 66
10 30
41 0
0 0
41 95
10 66
10 30
41 0
0 0
41 95
10 66
10 30
41 0
0 0
40 95
10 66
10 30
40 0
0 0
40 95
10 66
10 30
40 0
0 0
40 95
9 66
9 30
40 0
0 0
40 95
9 66
9 30
40 0
0 0
40 95
9 66
9 30
40 0
0 0
40 95
8 66
8 30
40 0
0 0
40 95
8 66
8 30
40 0
0 0
40 95
8 66
8 30
40 0
0 0
40 95
7 66
7 30
40 0
0 0
39 95
7 66
7 30
39 0
0 0
39 95
7 66
7 30
39 0
0 0
39 95
6 66
6 30
39 0
0 0
39 95
6 66
6 30
39 0
0 0
39 95
5 66
5 30
39 0
0 0
39 95
5 66
5 30
39 0
0 0
38 95
4 66
4 30
38 0
0 0
38 95
4 66
4 30
38 0
0 0
38 95
3 66
3 30
38 0
0 0
38 95
2 66
2 30
38 0
0 0
37 95
2 66
2 30
37 0
0 0
37 95
1 66
1 30
37 0
0 0
37 95
0 66
37 0
0 0
37 95
0 66
37 0
0 0
36 95
0 66
0 63
36 0
0 0
36 95
1 67
1 36
1 60
1 29
36 0
0 0
82 95
115 68
115 39
115 56
115 28
82 0
0 0
83 95
114 68
114 43
114 53
114 27
83 0
0 0
83 95
113 69
113 46
113 50
113 26
83 0
0 0
83 95
112 70
112 49
112 47
112 26
83 0
0 0
84 95
111 70
111 52
111 44
111 25
84 0
0 0
84 95
110 71
110 55
110 41
110 25
84 0
0 0
85 95
109 71
109 57
109 38
109 24
85 0
0 0
85 95
108 72
108 60
108 35
108 24
85 0
0 0
86 95
108 72
108 63
108 33
108 23
86 0
0 0
86 95
107 73
107 65
107 30
107 22
86 0
0 0
87 95
106 73
106 68
106 28
106 22
87 0
0 0
87 95
106 74
106 70
106 25
106 22
87 0
0 0
88 95
105 74
105 72
105 23
105 21
88 0
0 0
89 95
104 75
104 74
104 21
104 21
89 0
0 0
89 95
104 75
104 77
104 19
104 20
89 0
0 0
90 95
103 76
103 79
103 17
103 20
90 0
0 0
91 95
103 76
103 81
103 15
103 19
91 0
0 0
92 95
102 76
102 83
102 13
102 19
92 0
0 0
93 95
102 77
102 85
102 11
102 18
93 0
0 0
94 95
101 77
101 87
101 9
101 18
94 0
0 0
95 95
101 78
101 88
101 7
101 18
95 0
0 0
96 95
100 78
100 90
100 5
100 17
96 0
0 0
97 95
100 78
100 92
100 3
100 17
97 0
0 0
98 95
100 79
100 94
100 1
100 17
98 0
0 0
99 95
99 95
99 79
99 16
99 0
99 0
0 0
99 95
101 95
99 79
99 16
99 0
101 0
0 0
99 95
103 95
99 80
99 16
99 1
103 0
0 0
98 94
104 95
98 80
98 15
98 1
104 0
0 0
98 94
106 95
98 81
98 15
98 1
106 0
0 0
98 94
108 95
98 81
98 15
98 2
108 0
0 0
97 93
111 95
97 81
97 14
97 2
111 0
0 0
97 93
113 95
97 81
97 14
97 2
113 0
0 0
97 93
116 95
97 82
97 14
97 3
116 0
0 0
97 92
119 95
97 82
97 13
97 3
119 0
0 0
97 92
123 95
97 82
97 13
97 3
123 0
0 0
96 92
127 95
96 83
96 13
96 4
127 0
0 0
96 91
96 83
96 12
96 4
132 0
0 0
96 91
96 83
96 12
96 4
0 0
96 91
96 84
96 12
96 5
0 0
96 90
96 84
96 11
96 5
0 0
96 90
96 84
96 11
96 5
0 0
95 90
95 85
95 11
95 5
0 0
95 90
95 85
95 11
95 6
0 0
95 89
95 85
95 10
95 6
0 0
95 89
95 85
95 10
95 6
0 0
95 89
95 86
95 10
95 7
0 0
95 88
95 86
95 9
95 7
0 0
95 88
95 86
95 9
95 7
0 0
95 88
95 87
95 9
95 8
0 0
95 88
95 87
95 9
95 8
0 0
95 87
95 87
95 8
95 8
0 0
95 87
95 87
95 8
95 8
0 0
95 87
95 88
95 8
95 9
0 0
95 86
95 88
95 7
95 9
0 0
95 86
95 88
95 7
95 9
0 0
95 86
95 89
95 7
95 10
0 0
95 86
95 89
95 7
95 10
0 0
95 85
95 89
95 6
95 10
0 0
95 85
95 89
95 6
95 10
0 0
95 85
95 90
95 6
95 11
0 0
96 84
96 90
96 5
96 11
0 0
96 84
96 90
96 5
96 11
0 0
96 84
96 91
96 5
96 12
0 0
96 84
96 91
96 4
96 12
0 0
96 83
96 91
96 4
96 12
0 0
96 83
96 91
96 4
96 12
0 0
96 83
96 92
96 4
96 13
0 0
97 82
97 92
97 3
97 13
0 0
97 82
118 95
97 92
97 3
97 13
118 0
0 0
97 82
115 95
97 93
97 3
97 14
115 0
0 0
97 81
112 95
97 93
97 2
97 14
112 0
0 0
97 81
110 95
97 93
97 2
97 14
110 0
0 0
98 81
108 95
98 94
98 2
98 15
108 0
0 0
98 80
105 95
98 94
98 1
98 15
105 0
0 0
98 80
104 95
98 94
98 1
98 15
104 0
0 0
99 80
102 95
99 95
99 1
99 16
102 0
0 0
99 79
100 95
99 95
99 0
99 16
100 0
0 0
99 79
99 95
99 0
99 95
99 16
99 0
0 0
100 79
98 95
100 2
100 93
100 17
98 0
0 0
100 78
96 95
100 4
100 91
100 17
96 0
0 0
100 78
95 95
100 6
100 90
100 17
95 0
0 0
101 78
94 95
101 8
101 88
101 18
94 0
0 0
101 77
93 95
101 10
101 86
101 18
93 0
0 0
102 77
92 95
102 11
102 84
102 19
92 0
0 0
102 76
91 95
102 13
102 82
102 19
91 0
0 0
103 76
91 95
103 15
103 80
103 19
91 0
0 0
103 75
90 95
103 18
103 78
103 20
90 0
0 0
104 75
89 95
104 20
104 76
104 20
89 0
0 0
104 75
88 95
104 22
104 74
104 21
88 0
0 0
105 74
88 95
105 24
105 71
105 21
88 0
0 0
